0.000000000000000000e+00 0.000000000000000000e+00 0.000000000000000000e+00
0.000000000000000000e+00 0.000000000000000000e+00 3.333333333333333287e-02
0.000000000000000000e+00 0.000000000000000000e+00 6.666666666666666574e-02
0.000000000000000000e+00 0.000000000000000000e+00 1.000000000000000056e-01
0.000000000000000000e+00 8.333333333333332871e-02 0.000000000000000000e+00
0.000000000000000000e+00 8.333333333333332871e-02 3.333333333333333287e-02
0.000000000000000000e+00 8.333333333333332871e-02 6.666666666666666574e-02
0.000000000000000000e+00 8.333333333333332871e-02 1.000000000000000056e-01
0.000000000000000000e+00 2.499999999999999722e-01 0.000000000000000000e+00
0.000000000000000000e+00 2.499999999999999722e-01 3.333333333333333287e-02
0.000000000000000000e+00 2.499999999999999722e-01 6.666666666666666574e-02
0.000000000000000000e+00 2.499999999999999722e-01 1.000000000000000056e-01
0.000000000000000000e+00 4.999999999999999445e-01 0.000000000000000000e+00
0.000000000000000000e+00 4.999999999999999445e-01 3.333333333333333287e-02
0.000000000000000000e+00 4.999999999999999445e-01 6.666666666666666574e-02
0.000000000000000000e+00 4.999999999999999445e-01 1.000000000000000056e-01
0.000000000000000000e+00 7.499999999999998890e-01 0.000000000000000000e+00
0.000000000000000000e+00 7.499999999999998890e-01 3.333333333333333287e-02
0.000000000000000000e+00 7.499999999999998890e-01 6.666666666666666574e-02
0.000000000000000000e+00 7.499999999999998890e-01 1.000000000000000056e-01
0.000000000000000000e+00 9.166666666666666297e-01 0.000000000000000000e+00
0.000000000000000000e+00 9.166666666666666297e-01 3.333333333333333287e-02
0.000000000000000000e+00 9.166666666666666297e-01 6.666666666666666574e-02
0.000000000000000000e+00 9.166666666666666297e-01 1.000000000000000056e-01
0.000000000000000000e+00 1.000000000000000000e+00 0.000000000000000000e+00
0.000000000000000000e+00 1.000000000000000000e+00 3.333333333333333287e-02
0.000000000000000000e+00 1.000000000000000000e+00 6.666666666666666574e-02
0.000000000000000000e+00 1.000000000000000000e+00 1.000000000000000056e-01
8.333333333333332871e-02 0.000000000000000000e+00 0.000000000000000000e+00
8.333333333333332871e-02 0.000000000000000000e+00 3.333333333333333287e-02
8.333333333333332871e-02 0.000000000000000000e+00 6.666666666666666574e-02
8.333333333333332871e-02 0.000000000000000000e+00 1.000000000000000056e-01
8.333333333333332871e-02 8.333333333333332871e-02 0.000000000000000000e+00
8.333333333333332871e-02 8.333333333333332871e-02 3.333333333333333287e-02
8.333333333333332871e-02 8.333333333333332871e-02 6.666666666666666574e-02
8.333333333333332871e-02 8.333333333333332871e-02 1.000000000000000056e-01
8.333333333333332871e-02 2.499999999999999722e-01 0.000000000000000000e+00
8.333333333333332871e-02 2.499999999999999722e-01 3.333333333333333287e-02
8.333333333333332871e-02 2.499999999999999722e-01 6.666666666666666574e-02
8.333333333333332871e-02 2.499999999999999722e-01 1.000000000000000056e-01
8.333333333333332871e-02 4.999999999999999445e-01 0.000000000000000000e+00
8.333333333333332871e-02 4.999999999999999445e-01 3.333333333333333287e-02
8.333333333333332871e-02 4.999999999999999445e-01 6.666666666666666574e-02
8.333333333333332871e-02 4.999999999999999445e-01 1.000000000000000056e-01
8.333333333333334259e-02 7.499999999999998890e-01 0.000000000000000000e+00
8.333333333333334259e-02 7.499999999999998890e-01 3.333333333333333287e-02
8.333333333333334259e-02 7.499999999999998890e-01 6.666666666666666574e-02
8.333333333333334259e-02 7.499999999999998890e-01 1.000000000000000056e-01
8.333333333333334259e-02 9.166666666666666297e-01 0.000000000000000000e+00
8.333333333333334259e-02 9.166666666666666297e-01 3.333333333333333287e-02
8.333333333333334259e-02 9.166666666666666297e-01 6.666666666666666574e-02
8.333333333333334259e-02 9.166666666666666297e-01 1.000000000000000056e-01
8.333333333333332871e-02 1.000000000000000000e+00 0.000000000000000000e+00
8.333333333333332871e-02 1.000000000000000000e+00 3.333333333333333287e-02
8.333333333333332871e-02 1.000000000000000000e+00 6.666666666666666574e-02
8.333333333333332871e-02 1.000000000000000000e+00 1.000000000000000056e-01
2.499999999999999722e-01 0.000000000000000000e+00 0.000000000000000000e+00
2.499999999999999722e-01 0.000000000000000000e+00 3.333333333333333287e-02
2.499999999999999722e-01 0.000000000000000000e+00 6.666666666666666574e-02
2.499999999999999722e-01 0.000000000000000000e+00 1.000000000000000056e-01
2.499999999999999722e-01 8.333333333333332871e-02 0.000000000000000000e+00
2.499999999999999722e-01 8.333333333333332871e-02 3.333333333333333287e-02
2.499999999999999722e-01 8.333333333333332871e-02 6.666666666666666574e-02
2.499999999999999722e-01 8.333333333333332871e-02 1.000000000000000056e-01
2.499999999999999722e-01 2.499999999999999722e-01 0.000000000000000000e+00
2.499999999999999722e-01 2.499999999999999722e-01 3.333333333333333287e-02
2.499999999999999722e-01 2.499999999999999722e-01 6.666666666666666574e-02
2.499999999999999722e-01 2.499999999999999722e-01 1.000000000000000056e-01
2.499999999999999722e-01 4.999999999999999445e-01 0.000000000000000000e+00
2.499999999999999722e-01 4.999999999999999445e-01 3.333333333333333287e-02
2.499999999999999722e-01 4.999999999999999445e-01 6.666666666666666574e-02
2.499999999999999722e-01 4.999999999999999445e-01 1.000000000000000056e-01
2.500000000000000000e-01 7.499999999999998890e-01 0.000000000000000000e+00
2.500000000000000000e-01 7.499999999999998890e-01 3.333333333333333287e-02
2.500000000000000000e-01 7.499999999999998890e-01 6.666666666666666574e-02
2.500000000000000000e-01 7.499999999999998890e-01 1.000000000000000056e-01
2.500000000000000000e-01 9.166666666666666297e-01 0.000000000000000000e+00
2.500000000000000000e-01 9.166666666666666297e-01 3.333333333333333287e-02
2.500000000000000000e-01 9.166666666666666297e-01 6.666666666666666574e-02
2.500000000000000000e-01 9.166666666666666297e-01 1.000000000000000056e-01
2.499999999999999722e-01 1.000000000000000000e+00 0.000000000000000000e+00
2.499999999999999722e-01 1.000000000000000000e+00 3.333333333333333287e-02
2.499999999999999722e-01 1.000000000000000000e+00 6.666666666666666574e-02
2.499999999999999722e-01 1.000000000000000000e+00 1.000000000000000056e-01
4.999999999999999445e-01 0.000000000000000000e+00 0.000000000000000000e+00
4.999999999999999445e-01 0.000000000000000000e+00 3.333333333333333287e-02
4.999999999999999445e-01 0.000000000000000000e+00 6.666666666666666574e-02
4.999999999999999445e-01 0.000000000000000000e+00 1.000000000000000056e-01
4.999999999999999445e-01 8.333333333333332871e-02 0.000000000000000000e+00
4.999999999999999445e-01 8.333333333333332871e-02 3.333333333333333287e-02
4.999999999999999445e-01 8.333333333333332871e-02 6.666666666666666574e-02
4.999999999999999445e-01 8.333333333333332871e-02 1.000000000000000056e-01
4.999999999999999445e-01 2.499999999999999722e-01 0.000000000000000000e+00
4.999999999999999445e-01 2.499999999999999722e-01 3.333333333333333287e-02
4.999999999999999445e-01 2.499999999999999722e-01 6.666666666666666574e-02
4.999999999999999445e-01 2.499999999999999722e-01 1.000000000000000056e-01
4.999999999999999445e-01 4.999999999999999445e-01 0.000000000000000000e+00
4.999999999999999445e-01 4.999999999999999445e-01 3.333333333333333287e-02
4.999999999999999445e-01 4.999999999999999445e-01 6.666666666666666574e-02
4.999999999999999445e-01 4.999999999999999445e-01 1.000000000000000056e-01
5.000000000000000000e-01 7.499999999999998890e-01 0.000000000000000000e+00
5.000000000000000000e-01 7.499999999999998890e-01 3.333333333333333287e-02
5.000000000000000000e-01 7.499999999999998890e-01 6.666666666666666574e-02
5.000000000000000000e-01 7.499999999999998890e-01 1.000000000000000056e-01
5.000000000000000000e-01 9.166666666666666297e-01 0.000000000000000000e+00
5.000000000000000000e-01 9.166666666666666297e-01 3.333333333333333287e-02
5.000000000000000000e-01 9.166666666666666297e-01 6.666666666666666574e-02
5.000000000000000000e-01 9.166666666666666297e-01 1.000000000000000056e-01
4.999999999999999445e-01 1.000000000000000000e+00 0.000000000000000000e+00
4.999999999999999445e-01 1.000000000000000000e+00 3.333333333333333287e-02
4.999999999999999445e-01 1.000000000000000000e+00 6.666666666666666574e-02
4.999999999999999445e-01 1.000000000000000000e+00 1.000000000000000056e-01
7.499999999999998890e-01 0.000000000000000000e+00 0.000000000000000000e+00
7.499999999999998890e-01 0.000000000000000000e+00 3.333333333333333287e-02
7.499999999999998890e-01 0.000000000000000000e+00 6.666666666666666574e-02
7.499999999999998890e-01 0.000000000000000000e+00 1.000000000000000056e-01
7.499999999999998890e-01 8.333333333333334259e-02 0.000000000000000000e+00
7.499999999999998890e-01 8.333333333333334259e-02 3.333333333333333287e-02
7.499999999999998890e-01 8.333333333333334259e-02 6.666666666666666574e-02
7.499999999999998890e-01 8.333333333333334259e-02 1.000000000000000056e-01
7.499999999999998890e-01 2.499999999999999445e-01 0.000000000000000000e+00
7.499999999999998890e-01 2.499999999999999445e-01 3.333333333333333287e-02
7.499999999999998890e-01 2.499999999999999445e-01 6.666666666666666574e-02
7.499999999999998890e-01 2.499999999999999445e-01 1.000000000000000056e-01
7.499999999999998890e-01 4.999999999999998890e-01 0.000000000000000000e+00
7.499999999999998890e-01 4.999999999999998890e-01 3.333333333333333287e-02
7.499999999999998890e-01 4.999999999999998890e-01 6.666666666666666574e-02
7.499999999999998890e-01 4.999999999999998890e-01 1.000000000000000056e-01
7.500000000000000000e-01 7.500000000000000000e-01 0.000000000000000000e+00
7.500000000000000000e-01 7.500000000000000000e-01 3.333333333333333287e-02
7.500000000000000000e-01 7.500000000000000000e-01 6.666666666666666574e-02
7.500000000000000000e-01 7.500000000000000000e-01 1.000000000000000056e-01
7.500000000000000000e-01 9.166666666666667407e-01 0.000000000000000000e+00
7.500000000000000000e-01 9.166666666666667407e-01 3.333333333333333287e-02
7.500000000000000000e-01 9.166666666666667407e-01 6.666666666666666574e-02
7.500000000000000000e-01 9.166666666666667407e-01 1.000000000000000056e-01
7.499999999999998890e-01 1.000000000000000000e+00 0.000000000000000000e+00
7.499999999999998890e-01 1.000000000000000000e+00 3.333333333333333287e-02
7.499999999999998890e-01 1.000000000000000000e+00 6.666666666666666574e-02
7.499999999999998890e-01 1.000000000000000000e+00 1.000000000000000056e-01
9.166666666666666297e-01 0.000000000000000000e+00 0.000000000000000000e+00
9.166666666666666297e-01 0.000000000000000000e+00 3.333333333333333287e-02
9.166666666666666297e-01 0.000000000000000000e+00 6.666666666666666574e-02
9.166666666666666297e-01 0.000000000000000000e+00 1.000000000000000056e-01
9.166666666666666297e-01 8.333333333333334259e-02 0.000000000000000000e+00
9.166666666666666297e-01 8.333333333333334259e-02 3.333333333333333287e-02
9.166666666666666297e-01 8.333333333333334259e-02 6.666666666666666574e-02
9.166666666666666297e-01 8.333333333333334259e-02 1.000000000000000056e-01
9.166666666666666297e-01 2.499999999999999722e-01 0.000000000000000000e+00
9.166666666666666297e-01 2.499999999999999722e-01 3.333333333333333287e-02
9.166666666666666297e-01 2.499999999999999722e-01 6.666666666666666574e-02
9.166666666666666297e-01 2.499999999999999722e-01 1.000000000000000056e-01
9.166666666666666297e-01 4.999999999999999445e-01 0.000000000000000000e+00
9.166666666666666297e-01 4.999999999999999445e-01 3.333333333333333287e-02
9.166666666666666297e-01 4.999999999999999445e-01 6.666666666666666574e-02
9.166666666666666297e-01 4.999999999999999445e-01 1.000000000000000056e-01
9.166666666666666297e-01 7.500000000000000000e-01 0.000000000000000000e+00
9.166666666666666297e-01 7.500000000000000000e-01 3.333333333333333287e-02
9.166666666666666297e-01 7.500000000000000000e-01 6.666666666666666574e-02
9.166666666666666297e-01 7.500000000000000000e-01 1.000000000000000056e-01
9.166666666666666297e-01 9.166666666666667407e-01 0.000000000000000000e+00
9.166666666666666297e-01 9.166666666666667407e-01 3.333333333333333287e-02
9.166666666666666297e-01 9.166666666666667407e-01 6.666666666666666574e-02
9.166666666666666297e-01 9.166666666666667407e-01 1.000000000000000056e-01
9.166666666666666297e-01 1.000000000000000000e+00 0.000000000000000000e+00
9.166666666666666297e-01 1.000000000000000000e+00 3.333333333333333287e-02
9.166666666666666297e-01 1.000000000000000000e+00 6.666666666666666574e-02
9.166666666666666297e-01 1.000000000000000000e+00 1.000000000000000056e-01
1.000000000000000000e+00 0.000000000000000000e+00 0.000000000000000000e+00
1.000000000000000000e+00 0.000000000000000000e+00 3.333333333333333287e-02
1.000000000000000000e+00 0.000000000000000000e+00 6.666666666666666574e-02
1.000000000000000000e+00 0.000000000000000000e+00 1.000000000000000056e-01
1.000000000000000000e+00 8.333333333333332871e-02 0.000000000000000000e+00
1.000000000000000000e+00 8.333333333333332871e-02 3.333333333333333287e-02
1.000000000000000000e+00 8.333333333333332871e-02 6.666666666666666574e-02
1.000000000000000000e+00 8.333333333333332871e-02 1.000000000000000056e-01
1.000000000000000000e+00 2.499999999999999722e-01 0.000000000000000000e+00
1.000000000000000000e+00 2.499999999999999722e-01 3.333333333333333287e-02
1.000000000000000000e+00 2.499999999999999722e-01 6.666666666666666574e-02
1.000000000000000000e+00 2.499999999999999722e-01 1.000000000000000056e-01
1.000000000000000000e+00 4.999999999999999445e-01 0.000000000000000000e+00
1.000000000000000000e+00 4.999999999999999445e-01 3.333333333333333287e-02
1.000000000000000000e+00 4.999999999999999445e-01 6.666666666666666574e-02
1.000000000000000000e+00 4.999999999999999445e-01 1.000000000000000056e-01
1.000000000000000000e+00 7.499999999999998890e-01 0.000000000000000000e+00
1.000000000000000000e+00 7.499999999999998890e-01 3.333333333333333287e-02
1.000000000000000000e+00 7.499999999999998890e-01 6.666666666666666574e-02
1.000000000000000000e+00 7.499999999999998890e-01 1.000000000000000056e-01
1.000000000000000000e+00 9.166666666666666297e-01 0.000000000000000000e+00
1.000000000000000000e+00 9.166666666666666297e-01 3.333333333333333287e-02
1.000000000000000000e+00 9.166666666666666297e-01 6.666666666666666574e-02
1.000000000000000000e+00 9.166666666666666297e-01 1.000000000000000056e-01
1.000000000000000000e+00 1.000000000000000000e+00 0.000000000000000000e+00
1.000000000000000000e+00 1.000000000000000000e+00 3.333333333333333287e-02
1.000000000000000000e+00 1.000000000000000000e+00 6.666666666666666574e-02
1.000000000000000000e+00 1.000000000000000000e+00 1.000000000000000056e-01
